9997174
9655735
3343566
1209108
3596229
5571139
3483400
2964106
3421057
9975134
5769957
2406302
5268113
8983913
7410864
4036774
4622162
974457
6143016
7689386
871979
6675575
8992148
7847621
8967886
8473880
183885
1635177
9950541
555544
1820873
9709538
9417725
9814348
7178458
2666788
4924775
456523
650110
2098308
7788187
3966390
3925868
9545965
1979708
5866732
1019739
2461305
1620221
1614187
4915978
5741754
4141073
7151970
9553901
1104678
9890725
2043848
4030797
7120707
2054197
7818111
5580148
8282199
805383
8497307
5838669
6841826
7713424
4166357
4415750
2465071
8308036
4258537
9883681
9865272
977545
809148
4655207
5026850
7384145
4173906
4555410
973422
7550090
9407865
863554
1452284
5506169
5151259
9536439
1543229
9189271
6208707
7397415
1201263
7026507
356114
4209541
5604963